function [ y ] = T_45()

    y = [0          -1          0    1.1;
         0          0           -1   -.5;
         1          0           0      0;
         0          0           0      1];
         

end

